2015-08-17 11:10:00,118,0,0,1,3073,1
2015-08-17 11:12:00,71,0,0,1,1926,1
2015-08-17 11:14:00,98,0,0,1,2629,1
2015-08-17 11:16:00,0,0,0,0,1526,0
2015-08-17 11:20:00,17,1,6,1,1711,0
2015-08-17 11:22:00,61,0,0,1,1740,0
2015-08-17 11:24:00,43,0,0,1,1096,0
2015-08-17 11:26:00,119,0,0,1,3428,1
2015-08-17 11:28:00,110,2,5,1,3456,1
2015-08-17 11:30:00,24,2,0,1,2647,0
2015-08-17 11:32:00,0,0,0,0,354,0
2015-08-17 11:34:00,45,0,0,1,1322,0
2015-08-17 11:36:00,0,0,0,0,396,0
2015-08-17 11:38:00,0,0,0,0,531,0
2015-08-17 11:44:00,0,0,0,0,169,0
2015-08-17 11:46:00,0,0,0,0,2633,0
2015-08-17 11:48:00,0,0,0,0,400,0
2015-08-17 11:50:00,0,0,0,0,33,0
2015-08-17 11:52:00,0,0,0,0,311,0
2015-08-17 12:00:00,0,0,0,0,214,0
2015-08-17 12:02:00,28,0,0,1,765,0
2015-08-17 12:04:00,104,0,0,1,2928,1
2015-08-17 12:06:00,114,0,0,1,2977,1
2015-08-17 12:08:00,109,0,0,1,3133,1
2015-08-17 12:10:00,93,0,0,1,2737,1
2015-08-17 12:12:00,118,0,0,1,3466,1
2015-08-17 12:14:00,112,0,0,1,3256,1
2015-08-17 12:16:00,110,0,0,1,3236,1
2015-08-17 12:18:00,119,0,0,1,3416,1
2015-08-17 12:20:00,119,0,0,1,3291,1
2015-08-17 12:22:00,119,0,0,1,3135,1
2015-08-17 12:24:00,90,20,9,1,3558,1
2015-08-17 12:26:00,99,9,5,1,3194,1
2015-08-17 12:28:00,11,5,11,1,2495,0
2015-08-17 12:30:00,84,0,0,1,2269,1
2015-08-17 12:32:00,112,0,0,1,3000,1
2015-08-17 12:34:00,119,0,0,1,3550,1
2015-08-17 12:36:00,119,0,0,1,3510,1
2015-08-17 12:38:00,119,0,0,1,3450,1
2015-08-17 12:40:00,119,0,0,1,3451,1
2015-08-17 12:42:00,119,0,0,1,3466,1
2015-08-17 12:44:00,119,0,0,1,3341,1
2015-08-17 12:46:00,105,0,0,1,2768,1
2015-08-17 12:48:00,87,0,0,1,2430,1
2015-08-17 12:50:00,0,0,0,0,2467,0
2015-08-17 12:52:00,59,0,0,1,1636,0
2015-08-17 12:54:00,82,0,0,1,2308,1
2015-08-17 12:56:00,0,0,0,0,2204,0
2015-08-17 12:58:00,0,0,0,0,186,0
2015-08-17 13:00:00,0,0,0,0,189,0
2015-08-17 13:02:00,0,0,0,0,379,0
2015-08-17 13:12:00,0,0,0,0,125,0
2015-08-17 13:24:00,5,0,0,1,151,0
2015-08-17 13:26:00,8,3,3,1,2962,0
2015-08-17 13:28:00,0,0,0,0,473,0
2015-08-17 13:30:00,28,0,0,1,858,0
2015-08-17 13:32:00,0,0,0,0,2728,0
2015-08-17 13:34:00,86,0,0,1,2729,1
2015-08-17 13:36:00,86,4,2,1,2790,1
2015-08-17 13:38:00,0,0,0,0,768,0
2015-08-17 13:40:00,0,0,0,0,513,0
2015-08-17 13:42:00,0,0,0,0,1337,0
2015-08-17 13:48:00,0,0,0,0,276,0
2015-08-17 13:52:00,0,0,0,0,222,0
2015-08-17 14:08:00,0,0,0,0,564,0
2015-08-17 14:12:00,4,0,0,1,126,0
2015-08-17 14:14:00,0,0,0,0,52,0
2015-08-17 14:16:00,0,0,0,0,21,0
2015-08-17 14:18:00,0,0,0,0,160,0
2015-08-17 14:22:00,0,0,0,0,273,0
2015-08-17 14:24:00,0,0,0,0,448,0
2015-08-17 14:26:00,0,0,0,0,960,0
2015-08-17 14:28:00,45,0,0,1,1276,0
2015-08-17 14:30:00,0,0,0,0,1332,0
2015-08-17 14:32:00,0,0,0,0,2177,0
2015-08-17 14:34:00,58,0,0,1,1801,0
2015-08-17 14:36:00,0,0,0,0,3015,0
2015-08-17 14:38:00,45,0,0,1,1390,0
2015-08-17 14:40:00,121,0,0,1,3598,1
2015-08-17 14:42:00,116,0,0,1,3306,1
2015-08-17 14:44:00,108,4,4,1,3497,1
2015-08-17 14:46:00,100,4,0,1,2938,1
2015-08-17 14:48:00,112,0,0,1,3224,1
2015-08-17 14:50:00,0,0,0,0,2790,0
2015-08-17 14:52:00,88,0,0,1,2571,1
2015-08-17 14:54:00,0,0,0,0,1942,0
2015-08-17 14:56:00,0,0,0,0,1748,0
2015-08-17 14:58:00,23,0,0,1,697,0
2015-08-17 15:00:00,0,0,0,0,154,0
2015-08-17 15:06:00,11,0,0,1,351,0
2015-08-17 15:08:00,0,0,0,0,76,0
2015-08-17 15:14:00,0,0,0,0,56,0
2015-08-17 15:20:00,35,0,0,1,1009,0
2015-08-17 15:22:00,104,0,0,1,2993,1
2015-08-17 15:24:00,85,0,0,1,2755,1
2015-08-17 15:26:00,93,4,3,1,3016,1
2015-08-17 15:28:00,0,0,0,0,979,0
2015-08-17 15:30:00,0,0,0,0,955,0
2015-08-17 15:32:00,47,0,0,1,1194,0
2015-08-17 15:34:00,115,3,0,1,3272,1
2015-08-17 15:36:00,100,0,0,1,3081,1
2015-08-17 15:38:00,0,0,0,0,1882,0
2015-08-17 15:40:00,0,0,0,0,563,0
2015-08-17 15:44:00,113,5,0,1,3707,1
2015-08-17 15:46:00,103,4,0,1,3153,1
2015-08-17 15:48:00,0,0,0,0,802,0
2015-08-17 15:50:00,74,0,0,1,2058,1
2015-08-17 15:52:00,0,0,0,0,2280,0
2015-08-17 15:54:00,81,0,0,1,2215,1
2015-08-17 15:56:00,0,0,0,0,527,0
2015-08-17 15:58:00,0,0,0,0,25,0
2015-08-17 16:00:00,0,0,0,0,740,0
2015-08-17 16:08:00,57,0,0,1,1632,0
2015-08-17 16:10:00,84,6,0,1,3199,1
2015-08-17 16:12:00,26,5,1,1,1986,0
2015-08-17 16:14:00,20,4,3,1,1165,0
2015-08-17 16:16:00,29,1,0,1,908,0
2015-08-17 16:18:00,61,1,0,1,1545,0
2015-08-17 16:20:00,0,0,0,0,175,0
2015-08-17 16:22:00,63,13,2,1,2293,1
2015-08-17 16:24:00,4,5,0,1,500,1
2015-08-17 16:26:00,0,0,0,0,0,1
2015-08-17 16:28:00,56,20,23,1,3141,1
2015-08-17 16:40:00,101,6,2,1,2911,1
2015-08-17 16:42:00,93,10,12,1,3275,1
2015-08-17 16:44:00,0,14,24,1,1602,1
2015-08-17 16:46:00,6,10,15,1,967,1
2015-08-17 16:48:00,0,0,0,0,120,1
2015-08-17 16:50:00,0,0,0,0,0,1
2015-08-17 16:52:00,45,18,41,1,3682,1
2015-08-17 16:54:00,38,5,0,1,1383,0
2015-08-17 17:02:00,1,0,14,1,1004,0
2015-08-17 17:06:00,41,12,1,1,1695,0
2015-08-17 17:08:00,14,1,0,1,482,0
2015-08-17 17:10:00,0,0,0,0,545,0
2015-08-17 17:20:00,47,19,2,1,2034,0
2015-08-17 17:22:00,89,5,0,1,2825,1
2015-08-17 17:24:00,102,3,5,1,3468,1
2015-08-17 17:26:00,117,2,0,1,3880,1
2015-08-17 17:28:00,117,0,0,1,3655,1
2015-08-17 17:30:00,119,0,0,1,3704,1
2015-08-17 17:32:00,103,11,3,1,3599,1
2015-08-17 17:34:00,114,3,1,1,3597,1
2015-08-17 17:36:00,119,0,0,1,3609,1
2015-08-17 17:38:00,113,0,0,1,3401,1
2015-08-17 17:40:00,101,0,0,1,2715,1
2015-08-17 17:42:00,103,3,12,1,3656,1
2015-08-17 17:44:00,117,0,0,1,3640,1
2015-08-17 17:46:00,82,24,13,1,3684,1
2015-08-17 17:48:00,119,0,0,1,3542,1
2015-08-17 17:50:00,119,0,0,1,3658,1
2015-08-17 17:52:00,101,3,0,1,3112,1
2015-08-17 17:54:00,93,0,0,1,2660,1
2015-08-17 17:56:00,115,0,0,1,3088,1
2015-08-17 17:58:00,0,0,0,0,2440,0
2015-08-17 18:00:00,54,0,0,1,1268,0
2015-08-17 18:02:00,100,0,0,1,2588,1
2015-08-17 18:04:00,55,0,0,1,1534,0
2015-08-17 18:06:00,100,4,0,1,3130,1
2015-08-17 18:08:00,93,0,0,1,2847,1
2015-08-17 18:10:00,97,6,3,1,3358,1
2015-08-17 18:12:00,94,0,0,1,2901,1
2015-08-17 18:14:00,90,0,0,1,2531,1
2015-08-17 18:16:00,101,0,0,1,2638,1
2015-08-17 18:18:00,0,0,0,0,2199,0
2015-08-17 18:20:00,0,0,0,0,1815,0
2015-08-17 18:22:00,28,0,0,1,717,0
2015-08-17 18:24:00,38,0,0,1,2407,0
2015-08-17 18:26:00,0,0,0,0,984,0
2015-08-17 18:28:00,0,0,0,0,742,0
2015-08-17 18:32:00,0,0,0,0,185,0
2015-08-17 18:34:00,0,0,0,0,193,0
2015-08-17 18:40:00,0,0,0,0,27,0
2015-08-17 18:46:00,40,0,0,1,1188,0
2015-08-17 18:48:00,5,3,5,1,3039,0
2015-08-17 18:50:00,39,0,0,1,1079,0
2015-08-17 18:52:00,0,0,0,0,636,0
2015-08-17 18:58:00,7,0,0,1,173,0
2015-08-17 19:00:00,0,0,0,0,2366,0
2015-08-17 19:02:00,0,0,0,0,1301,0
2015-08-17 19:04:00,0,0,0,0,148,0
2015-08-17 19:10:00,59,0,0,1,1652,0
2015-08-17 19:12:00,82,0,0,1,2398,1
2015-08-17 19:14:00,0,0,0,0,2217,0
2015-08-17 19:24:00,0,0,0,0,193,0
2015-08-17 19:32:00,0,0,0,0,1243,0
2015-08-17 19:48:00,0,0,0,0,656,0
2015-08-17 19:50:00,22,0,0,1,616,0
2015-08-17 19:52:00,76,1,3,1,2358,1
2015-08-17 19:54:00,0,0,0,0,2289,0
2015-08-17 19:56:00,96,0,0,1,2846,1
2015-08-17 20:12:00,39,0,4,1,1134,0
2015-08-17 20:14:00,37,0,0,1,3058,0
2015-08-17 20:16:00,84,0,0,1,2544,1
2015-08-17 20:18:00,69,0,0,1,1974,0
2015-08-17 20:20:00,0,0,0,0,1613,0
2015-08-17 20:22:00,47,0,0,1,1339,0
2015-08-17 20:24:00,30,0,3,1,859,0
2015-08-17 20:26:00,74,0,0,1,2033,1
2015-08-17 20:28:00,23,0,0,1,672,0
2015-08-17 20:30:00,51,0,0,1,1428,0
2015-08-17 20:32:00,83,0,0,1,2325,1
2015-08-17 20:34:00,116,0,0,1,3312,1
2015-08-17 20:36:00,97,0,0,1,2620,1
2015-08-17 20:38:00,81,5,0,1,2432,1
2015-08-17 20:40:00,118,0,0,1,3364,1
2015-08-17 20:42:00,107,0,0,1,2966,1
2015-08-17 20:44:00,59,0,0,1,1627,0
2015-08-17 20:46:00,45,0,0,1,1416,0
2015-08-17 20:48:00,45,0,0,1,1300,0
2015-08-17 20:50:00,86,0,0,1,2373,1
2015-08-17 20:52:00,14,0,0,1,448,0
2015-08-17 20:54:00,79,0,0,1,2255,1
2015-08-17 20:56:00,70,0,0,1,1876,0
2015-08-17 21:00:00,7,0,0,1,183,0
2015-08-17 21:04:00,4,0,0,1,119,0
2015-08-17 21:06:00,6,0,0,1,176,0
2015-08-17 21:08:00,42,0,0,1,1209,0
2015-08-17 21:16:00,0,0,0,0,21,0
2015-08-17 21:18:00,37,0,0,1,1029,0
2015-08-17 21:22:00,8,0,0,1,237,0
2015-08-17 21:24:00,24,0,0,1,666,0
2015-08-17 21:26:00,16,0,0,1,446,0
2015-08-17 21:28:00,9,0,0,1,277,0
2015-08-17 21:30:00,58,0,0,1,1543,0
2015-08-17 21:32:00,111,6,0,1,3313,1
2015-08-17 21:34:00,23,0,0,1,542,0
2015-08-17 21:48:00,39,0,0,1,1067,0
2015-08-17 22:10:00,6,0,0,1,204,0
2015-08-17 22:12:00,20,0,0,1,618,0
2015-08-17 22:22:00,21,0,0,1,663,0
2015-08-17 22:24:00,5,0,0,1,181,0
2015-08-17 22:26:00,8,0,0,1,252,0
2015-08-17 22:28:00,13,0,0,1,408,0
2015-08-17 22:32:00,4,0,0,1,120,0
2015-08-17 22:36:00,13,0,0,1,390,0
2015-08-17 22:38:00,35,0,0,1,933,0
2015-08-17 22:52:00,7,0,0,1,157,0
2015-08-17 23:00:00,8,0,0,1,199,0
2015-08-17 23:02:00,8,0,0,1,219,0
2015-08-17 23:06:00,11,0,0,1,280,0
2015-08-17 23:08:00,9,0,0,1,275,0
2015-08-17 23:10:00,35,0,0,1,929,0
2015-08-17 23:12:00,62,0,0,1,1913,0
2015-08-17 23:14:00,110,2,3,1,3428,1
2015-08-17 23:16:00,24,0,0,1,758,0
2015-08-17 23:24:00,6,0,0,1,209,0
2015-08-17 23:28:00,6,0,0,1,197,0
2015-08-17 23:42:00,7,0,0,1,230,0
2015-08-17 23:44:00,4,0,0,1,128,0
2015-08-18 00:02:00,3,0,0,1,105,0
2015-08-18 00:06:00,8,0,0,1,241,0
2015-08-18 00:08:00,32,0,0,1,825,0
2015-08-18 00:10:00,33,0,0,1,909,0
2015-08-18 00:32:00,16,0,0,1,452,0
2015-08-18 00:38:00,2,0,0,1,69,0
2015-08-18 00:40:00,6,0,0,1,185,0
2015-08-18 00:50:00,2,0,0,1,55,0
2015-08-18 01:06:00,15,0,0,1,347,0
2015-08-18 01:08:00,115,4,0,1,3379,1
2015-08-18 01:10:00,101,0,0,1,2732,1
2015-08-18 01:12:00,119,0,0,1,3405,1
2015-08-18 01:14:00,119,0,0,1,3422,1
2015-08-18 01:16:00,117,1,0,1,3300,1
2015-08-18 01:18:00,43,0,0,1,1082,0
2015-08-18 01:20:00,0,0,0,0,20,0
2015-08-18 01:26:00,15,0,0,1,462,0
2015-08-18 01:28:00,7,0,0,1,219,0
2015-08-18 01:34:00,6,0,0,1,169,0
2015-08-18 01:36:00,40,0,0,1,1044,0
2015-08-18 01:38:00,17,0,0,1,497,0
2015-08-18 01:58:00,21,0,0,1,550,0
2015-08-18 02:00:00,16,0,0,1,447,0
2015-08-18 02:02:00,7,0,0,1,236,0
2015-08-18 02:04:00,3,0,0,1,92,0
2015-08-18 02:06:00,4,0,0,1,138,0
2015-08-18 02:18:00,9,0,0,1,263,0
2015-08-18 02:38:00,7,0,0,1,212,0
2015-08-18 02:40:00,30,0,0,1,841,0
2015-08-18 02:42:00,20,0,0,1,538,0
2015-08-18 02:44:00,9,0,0,1,212,0
2015-08-18 03:08:00,1,0,0,0,29,0
2015-08-18 03:10:00,30,0,0,1,918,0
2015-08-18 03:12:00,30,0,0,1,811,0
2015-08-18 03:14:00,1,0,0,0,59,0
2015-08-18 03:38:00,1,0,0,0,41,0
2015-08-18 03:50:00,19,0,0,1,541,0
2015-08-18 03:54:00,5,0,0,1,134,0
2015-08-18 03:58:00,6,0,0,1,183,0
2015-08-18 04:00:00,7,0,0,1,183,0
2015-08-18 04:02:00,37,0,0,1,1042,0
2015-08-18 04:04:00,24,0,0,1,674,0
2015-08-18 04:06:00,1,0,0,0,24,0
2015-08-18 04:34:00,20,0,0,1,596,0
2015-08-18 04:36:00,10,0,0,1,298,0
2015-08-18 04:38:00,7,0,0,1,223,0
2015-08-18 04:42:00,8,0,0,1,215,0
2015-08-18 04:48:00,5,0,0,1,161,0
2015-08-18 04:54:00,2,0,0,1,71,0
2015-08-18 05:14:00,15,0,0,1,422,0
2015-08-18 05:16:00,16,0,0,1,419,0
2015-08-18 05:18:00,10,0,0,1,326,0
2015-08-18 05:20:00,112,0,0,1,3046,1
2015-08-18 05:22:00,105,0,0,1,2710,1
2015-08-18 05:24:00,89,0,0,1,2529,1
2015-08-18 05:26:00,66,0,0,1,1765,0
2015-08-18 05:28:00,13,0,0,1,358,0
2015-08-18 05:30:00,0,0,0,0,10,0
2015-08-18 05:40:00,10,0,0,1,273,0
2015-08-18 05:52:00,6,0,0,1,182,0
2015-08-18 05:54:00,7,0,0,1,192,0
2015-08-18 05:56:00,7,0,0,1,202,0
2015-08-18 05:58:00,15,0,0,1,424,0
2015-08-18 06:00:00,15,0,0,1,397,0
2015-08-18 06:02:00,15,0,0,1,378,0
2015-08-18 06:04:00,28,0,0,1,805,0
2015-08-18 06:14:00,26,0,0,1,763,0
2015-08-18 06:16:00,75,0,0,1,2078,1
2015-08-18 06:18:00,2,0,0,1,70,0
2015-08-18 06:30:00,22,0,0,1,588,0
2015-08-18 06:32:00,17,0,0,1,447,0
2015-08-18 06:36:00,28,0,0,1,732,0
2015-08-18 06:38:00,66,0,0,1,1723,0
2015-08-18 06:40:00,91,0,0,1,2622,1
2015-08-18 06:42:00,84,0,0,1,2356,1
2015-08-18 06:44:00,94,0,0,1,2564,1
2015-08-18 06:46:00,94,0,0,1,2290,1
2015-08-18 06:48:00,116,0,0,1,3211,1
2015-08-18 06:50:00,119,0,0,1,3040,1
2015-08-18 06:52:00,119,0,0,1,3216,1
2015-08-18 06:54:00,41,0,0,1,1064,0
2015-08-18 06:58:00,7,0,0,1,167,0
2015-08-18 07:00:00,7,0,0,1,188,0
2015-08-18 07:20:00,37,0,0,1,990,0
2015-08-18 07:22:00,10,0,0,1,311,0
2015-08-18 07:24:00,13,0,0,1,334,0
2015-08-18 07:28:00,12,0,0,1,317,0
2015-08-18 07:32:00,9,0,0,1,259,0
2015-08-18 07:34:00,23,0,0,1,757,0
2015-08-18 07:36:00,29,9,7,1,1647,0
2015-08-18 07:38:00,74,17,28,1,4108,1
2015-08-18 07:40:00,119,0,0,1,3535,1
2015-08-18 07:42:00,119,0,0,1,3414,1
2015-08-18 07:44:00,119,0,0,1,3359,1
2015-08-18 07:46:00,119,0,0,1,3400,1
2015-08-18 07:48:00,119,0,0,1,3595,1
2015-08-18 07:50:00,111,0,0,1,3321,1
2015-08-18 07:52:00,111,0,0,1,3367,1
2015-08-18 07:54:00,104,0,0,1,3181,1
2015-08-18 07:56:00,101,3,1,1,3222,1
2015-08-18 07:58:00,109,0,0,1,3339,1
2015-08-18 08:00:00,99,0,0,1,2943,1
2015-08-18 08:02:00,41,0,0,1,1229,1
2015-08-18 08:04:00,78,0,0,1,2381,1
2015-08-18 08:06:00,70,0,0,1,2095,0
2015-08-18 08:08:00,93,0,0,1,2771,1
2015-08-18 08:10:00,119,0,0,1,3606,1
2015-08-18 08:12:00,119,0,0,1,3439,1
2015-08-18 08:14:00,119,0,0,1,3572,1
2015-08-18 08:16:00,119,0,0,1,3455,1
2015-08-18 08:18:00,119,0,0,1,3435,1
2015-08-18 08:20:00,119,0,0,1,3502,1
2015-08-18 08:22:00,84,3,0,1,2739,1
2015-08-18 08:24:00,48,0,0,1,1629,0
2015-08-18 08:26:00,39,0,0,1,1318,1
2015-08-18 08:28:00,54,0,0,1,1750,1
2015-08-18 08:30:00,93,0,0,1,2901,1
2015-08-18 08:32:00,107,4,0,1,3188,1
2015-08-18 08:34:00,119,0,0,1,3408,1
2015-08-18 08:36:00,95,7,13,1,3578,1
2015-08-18 08:38:00,105,11,3,1,3791,1
2015-08-18 08:40:00,116,3,0,1,3767,1
2015-08-18 08:42:00,99,14,6,1,3893,1
2015-08-18 08:44:00,115,4,0,1,3559,1
2015-08-18 08:46:00,119,0,0,1,3427,1
2015-08-18 08:48:00,119,0,0,1,3390,1
2015-08-18 08:50:00,119,0,0,1,3439,1
2015-08-18 08:52:00,119,0,0,1,3446,1
2015-08-18 08:54:00,115,0,0,1,3145,1
2015-08-18 08:56:00,104,3,12,1,3691,1
2015-08-18 08:58:00,20,55,44,1,5296,1
2015-08-18 09:00:00,47,39,33,1,5093,1
2015-08-18 09:02:00,83,23,12,1,3845,1
2015-08-18 09:04:00,114,0,5,1,3508,1
2015-08-18 09:06:00,113,0,0,1,2933,1
2015-08-18 09:08:00,112,0,0,1,2974,1
2015-08-18 09:10:00,88,0,0,1,2332,1
2015-08-18 09:12:00,73,0,0,1,1950,1
2015-08-18 09:14:00,37,0,0,1,1010,0
2015-08-18 09:16:00,76,0,0,1,1945,1
2015-08-18 09:18:00,51,0,0,1,1308,0
2015-08-18 09:20:00,71,0,0,1,1997,0
2015-08-18 09:22:00,42,0,0,1,1063,0
2015-08-18 09:24:00,63,0,0,1,1743,0
2015-08-18 09:26:00,85,0,0,1,2400,1
2015-08-18 09:28:00,76,0,0,1,2094,1
2015-08-18 09:30:00,94,17,9,1,3857,1
2015-08-18 09:32:00,104,14,0,1,3532,1
2015-08-18 09:34:00,119,0,0,1,3395,1
2015-08-18 09:36:00,119,0,0,1,3418,1
2015-08-18 09:38:00,116,0,0,1,3173,1
2015-08-18 09:40:00,118,0,0,1,3477,1
2015-08-18 09:42:00,101,5,1,1,3484,1
2015-08-18 09:44:00,120,0,0,1,3870,1
2015-08-18 09:46:00,97,13,0,1,3396,1
2015-08-18 09:48:00,107,3,3,1,3437,1
2015-08-18 09:50:00,118,0,0,1,3494,1
2015-08-18 09:52:00,115,0,0,1,3214,1
2015-08-18 09:54:00,119,0,0,1,3817,1
2015-08-18 09:56:00,111,2,7,1,3617,1
2015-08-18 09:58:00,119,0,0,1,3719,1
2015-08-18 10:00:00,112,1,6,1,3645,1
2015-08-18 10:02:00,118,0,0,1,3531,1
2015-08-18 10:04:00,119,0,0,1,3472,1
2015-08-18 10:06:00,101,0,0,1,2753,1
2015-08-18 10:08:00,119,0,0,1,2970,1
2015-08-18 10:10:00,115,0,0,1,3630,1
2015-08-18 10:12:00,105,0,0,1,2852,1
2015-08-18 10:14:00,67,0,0,1,1861,0
2015-08-18 10:16:00,64,0,0,1,1874,0
2015-08-18 10:18:00,50,0,0,1,1547,0
2015-08-18 10:20:00,47,0,0,1,1393,0
2015-08-18 10:22:00,3,0,0,1,90,0
2015-08-18 10:24:00,5,0,0,1,153,0
2015-08-18 10:32:00,7,0,0,1,211,0
2015-08-18 10:34:00,35,0,0,1,1010,0
2015-08-18 10:36:00,29,0,0,1,899,0
2015-08-18 10:50:00,15,0,0,1,400,0
2015-08-18 11:00:00,26,0,0,1,808,0
2015-08-18 11:02:00,32,0,0,1,962,0
2015-08-18 11:06:00,27,0,0,1,808,0
2015-08-18 11:08:00,9,0,0,1,286,0
2015-08-18 11:10:00,6,0,0,1,172,0
2015-08-18 11:20:00,24,0,0,1,766,0
2015-08-18 11:22:00,16,0,0,1,502,0
2015-08-18 11:24:00,12,0,0,1,392,0
2015-08-18 11:26:00,42,0,0,1,1134,0
2015-08-18 11:28:00,100,0,0,1,2707,1
2015-08-18 11:30:00,107,0,0,1,3012,1
2015-08-18 11:32:00,74,0,0,1,2176,1
2015-08-18 11:34:00,66,0,0,1,2084,0
2015-08-18 11:36:00,87,0,0,1,2520,1
2015-08-18 11:38:00,119,0,0,1,3242,1
2015-08-18 11:40:00,104,0,0,1,2880,1
2015-08-18 11:42:00,83,0,0,1,2443,1
2015-08-18 11:44:00,111,4,1,1,3439,1
2015-08-18 11:46:00,119,0,0,1,3507,1
2015-08-18 11:48:00,57,0,0,1,1812,0
2015-08-18 11:50:00,28,0,0,1,902,0
2015-08-18 11:52:00,92,0,0,1,2668,1
2015-08-18 11:54:00,52,0,0,1,1557,1
2015-08-18 11:56:00,22,0,0,1,676,0
2015-08-18 11:58:00,46,0,0,1,1389,0
2015-08-18 12:00:00,70,4,0,1,2183,1
2015-08-18 12:02:00,114,5,0,1,3563,1
2015-08-18 12:04:00,110,0,0,1,3367,1
2015-08-18 12:06:00,90,5,0,1,2765,1
2015-08-18 12:08:00,94,0,0,1,2765,1
2015-08-18 12:10:00,109,2,0,1,3480,1
2015-08-18 12:12:00,92,0,0,1,2891,1
2015-08-18 12:14:00,64,0,0,1,2080,0
2015-08-18 12:16:00,79,0,0,1,2546,1
2015-08-18 12:18:00,115,0,0,1,3566,1
2015-08-18 12:20:00,119,0,0,1,3586,1
2015-08-18 12:22:00,114,0,0,1,3491,1
2015-08-18 12:24:00,86,0,0,1,2563,1
2015-08-18 12:26:00,37,0,0,1,1085,0
2015-08-18 12:28:00,47,0,0,1,1465,0
2015-08-18 12:30:00,70,9,0,1,2516,1
2015-08-18 12:32:00,95,0,0,1,2956,1
2015-08-18 12:34:00,84,0,0,1,2601,1
2015-08-18 12:36:00,43,0,0,1,1294,0
2015-08-18 12:38:00,66,0,0,1,2003,0
2015-08-18 12:40:00,98,3,8,1,3601,1
2015-08-18 12:42:00,82,0,0,1,2560,1
2015-08-18 12:44:00,33,0,0,1,965,0
2015-08-18 12:46:00,12,0,0,1,380,0
2015-08-18 12:48:00,22,0,0,1,690,0
2015-08-18 12:50:00,6,0,0,1,207,0
2015-08-18 12:52:00,42,0,0,1,1303,0
2015-08-18 12:54:00,13,0,0,1,393,0
2015-08-18 13:06:00,9,0,0,1,299,0
2015-08-18 13:08:00,1,0,0,0,59,0
2015-08-18 13:14:00,6,0,0,1,221,0
2015-08-18 13:16:00,8,0,0,1,253,0
2015-08-18 13:20:00,9,0,0,1,319,0
2015-08-18 13:22:00,92,0,0,1,2496,1
2015-08-18 13:24:00,102,0,0,1,2692,1
2015-08-18 13:26:00,111,0,0,1,2988,1
2015-08-18 13:28:00,101,0,0,1,2587,1
2015-08-18 13:30:00,68,0,0,1,1716,0
2015-08-18 13:32:00,3,0,0,1,74,0
2015-08-18 13:36:00,20,0,0,1,572,0
2015-08-18 13:38:00,57,0,0,1,1729,0
2015-08-18 13:40:00,8,0,0,1,249,0
2015-08-18 13:42:00,27,0,0,1,751,0
2015-08-18 13:44:00,105,0,0,1,2700,1
2015-08-18 13:46:00,93,0,0,1,2515,1
2015-08-18 13:48:00,35,0,0,1,937,0
2015-08-18 13:50:00,91,4,2,1,2948,1
2015-08-18 13:52:00,49,0,0,1,1546,0
2015-08-18 13:54:00,37,0,0,1,1209,0
2015-08-18 13:56:00,98,0,4,1,3317,1
2015-08-18 13:58:00,88,0,0,1,2518,1
2015-08-18 14:00:00,10,0,0,1,271,0
2015-08-18 14:02:00,10,0,0,1,281,0
2015-08-18 14:04:00,82,0,0,1,2411,1
2015-08-18 14:16:00,10,0,0,1,351,0
2015-08-18 14:28:00,33,0,0,1,1049,0
2015-08-18 14:30:00,110,0,0,1,3136,1
2015-08-18 14:32:00,118,0,0,1,3011,1
2015-08-18 14:34:00,106,0,0,1,2835,1
2015-08-18 14:36:00,100,0,0,1,2819,1
2015-08-18 14:38:00,89,0,0,1,2683,1
2015-08-18 14:40:00,115,0,0,1,3440,1
2015-08-18 14:42:00,94,0,0,1,2758,1
2015-08-18 14:44:00,94,0,0,1,2684,1
2015-08-18 14:46:00,82,0,0,1,2307,1
2015-08-18 15:14:00,9,0,0,1,297,0
2015-08-18 15:20:00,10,0,0,1,340,0
2015-08-18 15:22:00,64,0,0,1,1847,0
2015-08-18 15:24:00,72,0,0,1,2179,0
2015-08-18 15:26:00,119,0,0,1,3104,1
2015-08-18 15:28:00,110,0,0,1,3116,1
2015-08-18 15:30:00,66,0,0,1,1914,0
2015-08-18 15:32:00,102,0,0,1,3100,1
2015-08-18 15:34:00,94,0,0,1,2702,1
2015-08-18 15:36:00,17,0,0,1,411,0
2015-08-18 15:38:00,20,0,0,1,525,0
2015-08-18 15:40:00,61,0,0,1,1829,0
2015-08-18 15:42:00,38,0,0,1,1072,0
2015-08-18 15:44:00,87,0,0,1,2496,1
2015-08-18 15:46:00,93,0,0,1,2469,1
2015-08-18 15:50:00,14,0,0,1,431,0
2015-08-18 15:56:00,32,0,0,1,929,0
2015-08-18 15:58:00,29,0,0,1,818,0
2015-08-18 16:00:00,13,0,0,1,397,0
2015-08-18 16:02:00,32,0,0,1,984,0
2015-08-18 16:04:00,66,0,0,1,1847,0
2015-08-18 16:06:00,19,0,0,1,570,0
2015-08-18 16:08:00,115,4,0,1,3485,1
2015-08-18 16:10:00,111,0,0,1,3352,1
2015-08-18 16:12:00,26,0,0,1,734,0
2015-08-18 16:26:00,38,0,0,1,1039,0
2015-08-18 16:28:00,32,0,0,1,818,0
2015-08-18 16:30:00,0,0,0,0,7,0
2015-08-18 16:34:00,12,0,0,1,347,0
2015-08-18 16:44:00,73,3,0,1,2258,1
2015-08-18 16:46:00,114,0,0,1,3252,1
2015-08-18 16:48:00,116,0,0,1,3497,1
2015-08-18 16:50:00,119,0,0,1,3072,1
2015-08-18 16:52:00,119,0,0,1,3001,1
2015-08-18 16:54:00,116,0,0,1,3316,1
2015-08-18 16:56:00,116,0,0,1,3383,1
2015-08-18 16:58:00,4,0,0,1,107,0
2015-08-18 17:00:00,97,0,0,1,3020,1
2015-08-18 17:02:00,110,0,0,1,3037,1
2015-08-18 17:04:00,113,2,4,1,3636,1
2015-08-18 17:06:00,114,0,0,1,3498,1
2015-08-18 17:08:00,116,2,0,1,3551,1
2015-08-18 17:10:00,101,0,0,1,2885,1
2015-08-18 17:12:00,101,0,0,1,2758,1
2015-08-18 17:14:00,119,0,0,1,3742,1
2015-08-18 17:16:00,118,0,0,1,3380,1
2015-08-18 17:18:00,45,0,0,1,1211,0
2015-08-18 17:20:00,0,0,3,1,91,0
2015-08-18 17:22:00,0,0,1,0,40,0
2015-08-18 17:24:00,40,0,1,1,1212,0
2015-08-18 17:26:00,31,0,0,1,921,0
2015-08-18 17:28:00,8,0,0,1,268,0
2015-08-18 17:34:00,20,0,0,1,534,0
2015-08-18 17:36:00,40,0,0,1,1043,0
2015-08-18 17:38:00,47,0,0,1,1304,0
2015-08-18 17:42:00,19,0,0,1,585,0
2015-08-18 17:44:00,29,0,0,1,894,0
2015-08-18 17:46:00,59,1,0,1,1903,0
2015-08-18 17:48:00,119,0,0,1,3418,1
2015-08-18 17:50:00,103,0,0,1,2958,1
2015-08-18 17:52:00,58,0,3,1,1882,0
2015-08-18 17:54:00,98,0,0,1,3038,1
2015-08-18 17:56:00,110,0,0,1,3439,1
2015-08-18 17:58:00,106,0,0,1,3357,1
2015-08-18 18:00:00,117,0,0,1,3809,1
2015-08-18 18:02:00,100,4,0,1,3229,1
2015-08-18 18:04:00,111,4,3,1,3470,1
2015-08-18 18:06:00,111,0,0,1,3365,1
2015-08-18 18:08:00,113,2,2,1,3455,1
2015-08-18 18:10:00,87,0,0,1,2656,1
2015-08-18 18:12:00,13,0,0,1,451,0
2015-08-18 18:14:00,20,0,0,1,580,0
2015-08-18 18:16:00,30,0,0,1,829,0
2015-08-18 18:18:00,63,0,0,1,1933,0
2015-08-18 18:20:00,33,0,0,1,1020,0
2015-08-18 18:22:00,71,0,0,1,2113,0
2015-08-18 18:24:00,0,0,0,0,23,0
2015-08-18 18:32:00,62,0,0,1,1702,0
2015-08-18 18:36:00,24,0,0,1,726,0
2015-08-18 18:42:00,74,0,0,1,2198,1
2015-08-18 18:44:00,66,0,0,1,2014,0
2015-08-18 18:46:00,119,0,0,1,3533,1
2015-08-18 18:48:00,115,0,0,1,3483,1
2015-08-18 18:50:00,119,0,0,1,3149,1
2015-08-18 18:52:00,111,4,4,1,3415,1
2015-08-18 18:54:00,117,0,0,1,3422,1
2015-08-18 18:56:00,114,0,0,1,3348,1
2015-08-18 18:58:00,91,0,0,1,2697,1
2015-08-18 19:00:00,110,0,0,1,3501,1
2015-08-18 19:02:00,111,0,0,1,3353,1
2015-08-18 19:04:00,119,0,0,1,3448,1
2015-08-18 19:06:00,112,2,0,1,3397,1
2015-08-18 19:08:00,113,0,0,1,3368,1
2015-08-18 19:10:00,101,0,0,1,2978,1
2015-08-18 19:12:00,104,0,0,1,3132,1
2015-08-18 19:14:00,29,0,0,1,861,0
2015-08-18 19:24:00,1,0,0,0,30,0
2015-08-18 19:26:00,77,0,0,1,2269,1
2015-08-18 19:30:00,36,6,3,1,1315,5
2015-08-18 19:32:00,16,0,0,1,429,0
2015-08-18 19:34:00,4,0,0,1,155,0
2015-08-18 19:36:00,7,0,0,1,205,0
2015-08-18 19:38:00,34,0,0,1,981,4
2015-08-18 19:40:00,30,0,0,1,833,0
2015-08-18 19:42:00,39,0,0,1,1103,2
2015-08-18 19:48:00,61,10,0,1,2124,5
2015-08-18 19:50:00,38,0,0,1,1194,0
2015-08-18 19:52:00,51,0,0,1,1561,0
2015-08-18 19:54:00,42,0,0,1,1309,0
2015-08-18 19:56:00,52,0,0,1,1535,0
2015-08-18 19:58:00,107,0,0,1,2901,0
2015-08-18 20:00:00,39,0,0,1,1109,5
2015-08-18 20:02:00,45,0,0,1,1228,6
2015-08-18 20:04:00,33,0,0,1,876,4
2015-08-18 20:06:00,41,0,0,1,1086,9
2015-08-18 20:08:00,9,0,0,1,265,0
2015-08-18 20:10:00,50,0,0,1,1527,0
2015-08-18 20:12:00,29,0,0,1,873,0
2015-08-18 20:14:00,41,0,0,1,1179,5
2015-08-18 20:16:00,6,0,0,1,184,0
2015-08-18 20:18:00,60,9,0,1,2012,8
2015-08-18 20:20:00,13,0,0,1,351,7
2015-08-18 20:22:00,80,1,0,1,2411,11
2015-08-18 20:26:00,35,0,0,1,990,3
2015-08-18 20:28:00,25,0,0,1,677,0
2015-08-18 20:30:00,5,0,0,1,135,0
2015-08-18 21:04:00,88,0,0,1,2349,3
2015-08-18 21:06:00,110,0,0,1,3074,3
2015-08-18 21:08:00,94,0,0,1,2654,3
2015-08-18 21:10:00,94,0,0,1,2502,6
2015-08-18 21:12:00,93,0,0,1,2601,6
2015-08-18 21:14:00,96,0,0,1,2755,0
2015-08-18 21:16:00,70,0,0,1,1921,0
2015-08-18 21:18:00,10,0,0,1,274,0
2015-08-18 21:22:00,5,0,0,1,177,0
2015-08-18 21:44:00,66,0,0,1,1966,0
2015-08-18 21:46:00,8,0,0,1,194,0
2015-08-18 22:04:00,52,0,0,1,1577,1
2015-08-18 22:06:00,44,0,0,1,1069,0
2015-08-18 22:08:00,28,0,0,1,672,0
2015-08-18 22:22:00,5,0,0,1,126,0
2015-08-18 23:32:00,33,0,0,1,921,1
2015-08-18 23:34:00,54,0,0,1,1382,12
2015-08-18 23:36:00,9,0,0,1,203,12
2015-08-18 23:38:00,9,0,0,1,207,0
2015-08-18 23:40:00,35,0,0,1,1075,6
2015-08-18 23:42:00,27,0,0,1,800,10
2015-08-18 23:44:00,45,0,0,1,1250,6
2015-08-18 23:46:00,59,0,0,1,1787,4
2015-08-18 23:48:00,41,0,0,1,1049,25
2015-08-18 23:50:00,0,0,0,0,0,4
2015-08-18 23:52:00,0,0,0,0,0,4
2015-08-18 23:54:00,0,0,0,0,0,4
2015-08-18 23:56:00,0,0,0,0,0,4
2015-08-18 23:58:00,0,0,0,0,0,4
2015-08-19 00:00:00,5,0,0,1,128,14
2015-08-19 00:02:00,12,0,0,1,381,14
2015-08-19 00:04:00,1,0,0,0,42,13
2015-08-19 00:06:00,47,0,0,1,1467,11
2015-08-19 00:08:00,81,0,0,1,2263,0
2015-08-19 00:10:00,103,0,0,1,2916,2
2015-08-19 00:12:00,89,0,0,1,2693,0
2015-08-19 00:14:00,93,0,0,1,2908,0
2015-08-19 00:16:00,61,0,0,1,1670,0
2015-08-19 00:18:00,83,0,0,1,2190,0
2015-08-19 00:20:00,108,0,0,1,3037,0
2015-08-19 00:22:00,113,0,0,1,3233,1
2015-08-19 00:24:00,20,0,0,1,507,3
2015-08-19 00:26:00,57,0,0,1,1690,3
2015-08-19 00:28:00,25,0,0,1,750,1
2015-08-19 00:58:00,2,0,0,1,64,0
2015-08-19 01:00:00,8,0,0,1,211,1
2015-08-19 01:02:00,0,0,0,0,0,1
2015-08-19 01:04:00,0,0,0,0,0,1
2015-08-19 01:06:00,0,0,0,0,0,1
2015-08-19 01:08:00,0,0,0,0,0,1
2015-08-19 01:10:00,0,0,0,0,0,1
2015-08-19 01:12:00,0,0,0,0,0,1
2015-08-19 01:14:00,0,0,0,0,0,1
2015-08-19 01:16:00,0,0,0,0,0,1
2015-08-19 01:18:00,0,0,0,0,0,1
2015-08-19 01:20:00,0,0,0,0,0,1
2015-08-19 01:22:00,0,0,0,0,0,1
2015-08-19 01:26:00,0,0,0,0,0,1
2015-08-19 01:28:00,6,0,0,1,202,0
2015-08-19 02:02:00,12,0,0,1,361,0
2015-08-19 02:14:00,16,0,0,1,457,0
2015-08-19 02:16:00,9,0,0,1,281,0
2015-08-19 02:28:00,6,0,0,1,204,0
2015-08-19 02:36:00,5,0,0,1,156,0
2015-08-19 02:40:00,8,0,0,1,246,0
2015-08-19 02:44:00,6,0,0,1,174,0
2015-08-19 02:56:00,7,0,0,1,203,0
2015-08-19 02:58:00,9,0,0,1,290,1
2015-08-19 03:00:00,10,0,0,1,267,1
2015-08-19 03:02:00,0,0,0,0,0,1
2015-08-19 03:04:00,8,0,0,1,183,0
2015-08-19 03:12:00,0,0,0,0,0,1
2015-08-19 03:14:00,0,0,0,0,0,1
2015-08-19 03:16:00,0,0,0,0,0,1
2015-08-19 03:18:00,0,0,0,0,0,1
2015-08-19 03:20:00,0,0,0,0,0,1
2015-08-19 03:28:00,32,0,0,1,998,2
2015-08-19 03:58:00,5,0,0,1,179,0
2015-08-19 04:00:00,2,0,0,1,57,0
2015-08-19 04:30:00,7,0,0,1,200,0
2015-08-19 04:34:00,4,0,0,1,132,0
2015-08-19 04:50:00,10,0,0,1,318,0
2015-08-19 04:52:00,46,0,0,1,1272,0
2015-08-19 04:54:00,27,0,0,1,845,0
2015-08-19 04:56:00,26,0,0,1,835,1
2015-08-19 04:58:00,18,0,0,1,565,0
2015-08-19 05:00:00,36,0,0,1,1026,1
2015-08-19 05:02:00,38,0,0,1,1077,1
2015-08-19 05:04:00,42,0,0,1,1317,0
2015-08-19 05:06:00,35,0,0,1,1100,1
2015-08-19 05:08:00,25,0,0,1,815,1
2015-08-19 05:10:00,27,0,0,1,868,1
2015-08-19 05:12:00,27,0,0,1,873,1
2015-08-19 05:14:00,45,0,0,1,1473,4
2015-08-19 05:16:00,39,0,0,1,1296,1
2015-08-19 05:18:00,33,0,0,1,1088,2
2015-08-19 05:20:00,33,0,0,1,1058,1
2015-08-19 05:22:00,47,0,0,1,1480,4
2015-08-19 05:24:00,0,0,0,0,0,4
2015-08-19 05:26:00,5,0,0,1,148,4
2015-08-19 05:28:00,0,0,0,0,0,2
2015-08-19 05:30:00,1,0,0,0,40,2
2015-08-19 05:32:00,59,0,0,1,1776,0
2015-08-19 05:34:00,28,0,0,1,655,0
2015-08-19 05:36:00,16,0,0,1,402,0
2015-08-19 06:10:00,6,0,0,1,137,0
2015-08-19 06:42:00,13,0,0,1,397,0
2015-08-19 06:44:00,65,17,25,1,3584,2
2015-08-19 06:46:00,103,0,0,1,3220,400
2015-08-19 06:48:00,119,0,0,1,3697,350
2015-08-19 06:50:00,118,1,0,1,3742,730
2015-08-19 06:52:00,105,15,0,1,4337,150
2015-08-19 06:54:00,118,1,0,1,4155,320
2015-08-19 06:56:00,101,15,3,1,4198,780
2015-08-19 06:58:00,114,5,0,1,4201,1050
2015-08-19 07:00:00,68,9,0,1,2437,900
2015-08-19 07:02:00,68,0,0,1,2010,1160
2015-08-19 07:04:00,118,2,0,1,4142,460
2015-08-19 07:06:00,119,0,0,1,4157,330
2015-08-19 07:08:00,118,1,0,1,4293,350
2015-08-19 07:10:00,94,0,0,1,2849,500
2015-08-19 07:12:00,10,0,0,1,283,460
2015-08-19 07:14:00,6,0,0,1,168,780
2015-08-19 07:16:00,3,0,0,1,98,880
2015-08-19 07:18:00,6,0,0,1,170,870
2015-08-19 07:20:00,22,0,0,1,563,180
2015-08-19 07:22:00,7,0,0,1,192,125
2015-08-19 07:24:00,12,0,0,1,342,105
2015-08-19 07:26:00,0,0,0,0,0,190
2015-08-19 07:28:00,24,0,0,1,596,130
2015-08-19 07:30:00,6,0,0,1,142,150
2015-08-19 07:32:00,18,0,0,1,461,92
2015-08-19 07:34:00,4,0,0,1,116,130
2015-08-19 07:36:00,19,0,0,1,518,170
2015-08-19 07:38:00,87,0,0,1,2841,950
2015-08-19 07:40:00,119,0,0,1,4032,1110
2015-08-19 07:42:00,119,0,0,1,3883,1270
2015-08-19 07:44:00,113,0,0,1,3561,550
2015-08-19 07:46:00,114,4,1,1,4083,980
2015-08-19 07:48:00,112,7,0,1,4069,740
2015-08-19 07:50:00,119,0,0,1,4012,560
2015-08-19 07:52:00,119,0,0,1,4005,970
2015-08-19 07:54:00,116,3,0,1,4129,420
2015-08-19 07:56:00,68,2,0,1,2161,16
2015-08-19 07:58:00,6,0,0,1,156,5
2015-08-19 08:00:00,4,0,0,1,101,1
2015-08-19 08:02:00,11,0,0,1,277,2
2015-08-19 08:04:00,17,0,0,1,467,2
2015-08-19 08:06:00,48,0,0,1,1323,6
2015-08-19 08:08:00,52,12,2,1,2101,10
2015-08-19 08:10:00,98,0,0,1,3105,320
2015-08-19 08:12:00,119,0,0,1,3871,480
2015-08-19 08:14:00,109,5,5,1,3955,600
2015-08-19 08:16:00,105,14,0,1,3973,510
2015-08-19 08:18:00,90,0,0,1,2619,9
2015-08-19 08:20:00,43,0,0,1,1237,1
2015-08-19 08:22:00,20,0,0,1,571,0
2015-08-19 08:24:00,15,0,0,1,392,2
2015-08-19 08:26:00,0,0,0,0,0,1
2015-08-19 08:28:00,6,0,0,1,134,0
2015-08-19 08:36:00,6,0,0,1,159,0
2015-08-19 08:38:00,46,0,0,1,1363,1
2015-08-19 08:40:00,19,0,0,1,559,0
2015-08-19 08:42:00,7,0,0,1,211,0
2015-08-19 08:44:00,11,0,0,1,330,0
2015-08-19 08:46:00,15,0,0,1,434,0
2015-08-19 08:48:00,31,0,0,1,871,1
2015-08-19 08:50:00,1,0,0,0,32,1
2015-08-19 08:52:00,5,0,0,1,158,1
2015-08-19 08:54:00,0,0,0,0,0,1
2015-08-19 08:56:00,0,0,0,0,0,1
2015-08-19 08:58:00,6,0,0,1,161,1
2015-08-19 09:06:00,73,13,6,1,3118,3
2015-08-19 09:08:00,49,2,12,1,2823,4
2015-08-19 09:10:00,0,0,0,0,0,2
2015-08-19 09:12:00,7,0,0,1,191,2
2015-08-19 09:14:00,19,9,27,1,2018,7
2015-08-19 09:16:00,56,14,2,1,2045,7
2015-08-19 09:18:00,89,16,13,1,3825,7
2015-08-19 09:20:00,72,25,16,1,3692,15
2015-08-19 09:22:00,82,8,10,1,3078,11
2015-08-19 09:24:00,87,15,4,1,3238,9
2015-08-19 09:26:00,94,1,5,1,3122,9
2015-08-19 09:28:00,110,0,0,1,2848,4
2015-08-19 09:30:00,85,0,0,1,2254,18
2015-08-19 09:32:00,92,2,7,1,3348,9
2015-08-19 09:34:00,96,5,7,1,3357,27
2015-08-19 09:36:00,109,2,0,1,3217,25
2015-08-19 09:38:00,94,5,0,1,2966,5
2015-08-19 09:40:00,101,2,0,1,3265,5
2015-08-19 09:42:00,68,0,0,1,2087,3
2015-08-19 09:44:00,68,0,0,1,2183,7
2015-08-19 09:46:00,71,0,0,1,2255,5
2015-08-19 09:48:00,56,2,8,1,2149,9
2015-08-19 09:50:00,95,0,0,1,2938,4
2015-08-19 09:52:00,58,0,0,1,1897,6
2015-08-19 09:54:00,102,0,0,1,3316,2
2015-08-19 09:56:00,36,0,0,1,1174,420
2015-08-19 09:58:00,0,0,0,0,0,480
2015-08-19 10:00:00,34,0,0,1,1102,610
2015-08-19 10:02:00,113,5,0,1,3714,15
2015-08-19 10:04:00,98,0,0,1,3113,14
2015-08-19 10:06:00,119,0,0,1,3906,3
2015-08-19 10:08:00,118,0,0,1,3882,2
2015-08-19 10:10:00,119,0,0,1,3868,2
2015-08-19 10:12:00,105,0,0,1,3257,9
2015-08-19 10:14:00,67,0,0,1,2165,17
2015-08-19 10:16:00,12,0,0,1,296,7
2015-08-19 10:18:00,100,0,0,1,2920,16
2015-08-19 10:20:00,88,18,5,1,3751,15
2015-08-19 10:22:00,91,14,7,1,3725,30
2015-08-19 10:24:00,104,0,0,1,3195,26
2015-08-19 10:26:00,52,0,0,1,1422,310
2015-08-19 10:28:00,2,0,0,1,50,1170
2015-08-19 10:30:00,31,0,0,1,895,920
2015-08-19 10:32:00,37,0,0,1,1052,8
2015-08-19 10:34:00,88,0,0,1,2634,21
2015-08-19 10:36:00,9,0,0,1,306,5
2015-08-19 10:38:00,0,0,0,0,0,5
2015-08-19 10:40:00,6,0,0,1,130,5
2015-08-19 10:42:00,4,0,0,1,119,0
2015-08-19 10:44:00,64,0,0,1,2006,12
2015-08-19 10:46:00,22,0,0,1,557,6
2015-08-19 10:48:00,0,0,0,0,0,1
2015-08-19 10:50:00,0,0,0,0,0,1
2015-08-19 10:52:00,0,0,0,0,0,1
2015-08-19 10:54:00,4,0,0,1,102,1
2015-08-19 10:56:00,21,0,0,1,634,6
2015-08-19 10:58:00,3,0,0,1,109,6
2015-08-19 11:00:00,19,0,0,1,610,12
2015-08-19 11:02:00,14,0,0,1,350,1
2015-08-19 11:06:00,7,0,0,1,176,0
2015-08-19 11:08:00,17,0,0,1,549,0
2015-08-19 11:42:00,41,0,0,1,1159,2
2015-08-19 11:44:00,37,0,0,1,1145,11
2015-08-19 11:46:00,8,0,0,1,208,6
2015-08-19 11:48:00,31,0,0,1,896,22
2015-08-19 11:50:00,49,0,0,1,1451,15
2015-08-19 11:52:00,20,0,0,1,585,3
2015-08-19 11:54:00,55,0,0,1,1505,20
2015-08-19 11:56:00,88,0,0,1,2626,19
2015-08-19 11:58:00,72,0,0,1,2400,21
2015-08-19 12:00:00,67,0,0,1,2101,5
2015-08-19 12:02:00,55,0,0,1,1651,52
2015-08-19 12:04:00,47,0,0,1,1509,9
2015-08-19 12:06:00,67,1,0,1,2142,6
2015-08-19 12:08:00,57,0,0,1,1853,6
2015-08-19 12:10:00,63,0,0,1,2019,5
2015-08-19 12:12:00,46,0,0,1,1519,5
2015-08-19 12:14:00,0,0,0,0,0,3
2015-08-19 12:16:00,44,0,0,1,1409,10
2015-08-19 12:18:00,56,0,0,1,1801,7
2015-08-19 12:20:00,82,0,0,1,2603,4
2015-08-19 12:22:00,36,0,0,1,1129,1
2015-08-19 12:24:00,52,3,0,1,1661,6
2015-08-19 12:26:00,5,0,0,1,151,9
2015-08-19 12:28:00,0,0,0,0,0,8
2015-08-19 12:30:00,4,0,0,1,146,7
2015-08-19 12:32:00,18,0,0,1,575,0
2015-08-19 12:36:00,6,0,0,1,190,0
2015-08-19 12:42:00,53,5,3,1,1889,5
2015-08-19 12:44:00,49,0,0,1,1537,2
2015-08-19 12:46:00,33,0,0,1,1066,4
2015-08-19 12:48:00,77,0,0,1,2256,1
2015-08-19 12:50:00,113,6,0,1,3634,11
2015-08-19 12:52:00,100,4,0,1,3179,12
2015-08-19 12:54:00,78,5,0,1,2497,3
2015-08-19 12:56:00,33,0,0,1,1038,480
2015-08-19 12:58:00,32,9,0,1,1362,8
2015-08-19 13:00:00,0,0,0,0,0,3
2015-08-19 13:02:00,25,0,0,1,769,470
2015-08-19 13:04:00,0,0,0,0,0,920
2015-08-19 13:06:00,0,0,0,0,0,970
2015-08-19 13:08:00,63,0,0,1,2018,660
2015-08-19 13:10:00,64,0,0,1,2083,680
2015-08-19 13:12:00,65,0,0,1,2144,2
2015-08-19 13:14:00,45,0,0,1,1380,1
2015-08-19 13:26:00,7,0,0,1,177,0
2015-08-19 13:28:00,7,0,0,1,191,0
2015-08-19 13:32:00,80,0,0,1,2317,4
2015-08-19 13:34:00,14,0,2,1,477,28
2015-08-19 13:36:00,26,0,0,1,775,25
2015-08-19 13:38:00,7,0,0,1,164,19
2015-08-19 13:40:00,4,0,0,1,106,43
2015-08-19 13:42:00,1,0,0,0,44,14
2015-08-19 13:44:00,5,0,0,1,159,18
2015-08-19 13:46:00,22,5,0,1,867,27
2015-08-19 13:48:00,88,7,0,1,2790,18
2015-08-19 13:50:00,96,4,0,1,3072,25
2015-08-19 13:52:00,103,6,0,1,3344,21
2015-08-19 13:54:00,72,5,1,1,2577,0
2015-08-19 13:56:00,37,0,0,1,1095,8
2015-08-19 13:58:00,25,0,0,1,689,19
2015-08-19 14:00:00,0,0,0,0,9,17
2015-08-19 14:04:00,17,0,0,1,504,4
2015-08-19 14:06:00,4,0,0,1,83,4
2015-08-19 14:08:00,0,0,0,0,0,4
2015-08-19 14:10:00,0,0,2,1,68,28
2015-08-19 14:12:00,7,0,0,1,211,28
2015-08-19 14:14:00,26,0,0,1,810,33
2015-08-19 14:16:00,64,2,4,1,2162,30
2015-08-19 14:18:00,88,0,0,1,2642,29
2015-08-19 14:20:00,4,0,0,1,125,27
2015-08-19 14:22:00,0,0,0,0,0,20
2015-08-19 14:24:00,0,0,0,0,0,10
2015-08-19 14:26:00,0,0,2,1,66,9
2015-08-19 14:28:00,6,0,0,1,184,9
2015-08-19 14:30:00,0,0,0,0,12,18
2015-08-19 14:32:00,0,0,0,0,0,21
2015-08-19 14:34:00,0,0,0,0,0,23
2015-08-19 14:36:00,0,0,0,0,0,26
2015-08-19 14:38:00,0,0,0,0,0,27
2015-08-19 14:40:00,0,0,0,0,0,26
2015-08-19 14:42:00,0,0,0,0,0,23
2015-08-19 14:44:00,0,0,0,0,0,25
2015-08-19 14:46:00,0,0,0,0,0,31
2015-08-19 14:48:00,0,0,0,0,0,30
2015-08-19 14:50:00,0,0,0,0,0,31
2015-08-19 14:52:00,0,0,0,0,0,31
2015-08-19 14:54:00,0,0,0,0,0,23
2015-08-19 14:56:00,0,0,0,0,0,11
2015-08-19 14:58:00,0,0,0,0,0,13
2015-08-19 15:00:00,0,0,0,0,0,25
2015-08-19 15:02:00,1,0,0,0,48,19
2015-08-19 15:04:00,9,6,2,1,591,23
2015-08-19 15:06:00,1,0,0,0,36,9
2015-08-19 15:08:00,24,5,0,1,890,6
2015-08-19 15:10:00,53,0,0,1,1577,11
2015-08-19 15:12:00,12,0,0,1,355,8
2015-08-19 15:14:00,5,0,0,1,124,14
2015-08-19 15:16:00,6,6,0,1,409,7
2015-08-19 15:18:00,29,1,4,1,1069,20
2015-08-19 15:20:00,0,0,0,0,0,1
2015-08-19 15:22:00,0,0,0,0,0,20
2015-08-19 15:24:00,33,1,12,1,1582,37
2015-08-19 15:26:00,69,21,19,1,3529,11
2015-08-19 15:28:00,42,5,0,1,1430,12
2015-08-19 15:30:00,77,9,15,1,3095,10
2015-08-19 15:32:00,40,4,14,1,1881,8
2015-08-19 15:34:00,12,0,0,1,349,4
2015-08-19 15:40:00,21,0,0,1,640,1
2015-08-19 15:42:00,17,0,0,1,572,9
2015-08-19 15:44:00,0,0,0,0,16,2
2015-08-19 15:46:00,12,0,0,1,299,19
2015-08-19 15:48:00,2,0,0,1,38,13
2015-08-19 15:50:00,1,0,0,0,51,4
2015-08-19 15:52:00,0,0,0,0,0,5
2015-08-19 15:54:00,0,0,0,0,0,4
2015-08-19 15:56:00,0,0,0,0,0,2
2015-08-19 15:58:00,10,0,0,1,317,4
2015-08-19 16:00:00,15,0,0,1,438,17
2015-08-19 16:02:00,16,0,0,1,494,22
2015-08-19 16:04:00,20,0,0,1,632,5
2015-08-19 16:06:00,13,0,0,1,413,9
2015-08-19 16:08:00,1,0,0,0,37,5
2015-08-19 16:10:00,9,0,0,1,298,5
2015-08-19 16:12:00,0,0,0,0,0,3
2015-08-19 16:14:00,0,0,0,0,0,2
2015-08-19 16:16:00,24,4,0,1,928,5
2015-08-19 16:18:00,0,0,0,0,0,7
2015-08-19 16:20:00,15,0,0,1,514,7
2015-08-19 16:22:00,0,0,0,0,0,2
2015-08-19 16:26:00,0,0,0,0,0,6
2015-08-19 16:28:00,6,0,0,1,213,11
2015-08-19 16:30:00,0,0,0,0,22,280
2015-08-19 16:32:00,10,0,0,1,315,6
2015-08-19 16:34:00,22,0,0,1,714,7
2015-08-19 16:36:00,0,0,0,0,0,5
2015-08-19 16:38:00,21,0,0,1,709,6
2015-08-19 16:40:00,43,0,0,1,1381,1
2015-08-19 16:58:00,17,0,0,1,548,0
2015-08-19 17:00:00,12,0,0,1,395,7
2015-08-19 17:02:00,11,0,0,1,361,7
2015-08-19 17:04:00,0,0,0,0,0,12
2015-08-19 17:06:00,14,0,0,1,455,8
2015-08-19 17:08:00,0,0,0,0,0,4
2015-08-19 17:10:00,0,0,0,0,0,4
2015-08-19 17:12:00,0,0,0,0,0,1
2015-08-19 17:14:00,0,0,0,0,0,4
2015-08-19 17:18:00,8,0,0,1,271,3
2015-08-19 17:22:00,7,0,0,1,232,0
2015-08-19 17:24:00,7,1,7,1,551,0
2015-08-19 17:26:00,67,13,12,1,3011,0
2015-08-19 17:28:00,9,0,0,1,302,0
2015-08-19 17:30:00,0,0,0,0,0,1
2015-08-19 17:34:00,15,0,0,1,501,0
2015-08-19 17:36:00,13,5,12,1,1012,0
2015-08-19 17:40:00,1,0,0,0,36,0
2015-08-19 17:42:00,12,5,7,1,795,1
2015-08-19 17:44:00,32,26,16,1,2441,1
2015-08-19 17:46:00,39,12,3,1,1754,0
2015-08-19 17:48:00,5,0,0,1,163,0
2015-08-19 17:54:00,15,0,0,1,514,0
2015-08-19 17:56:00,33,6,14,1,1833,5
2015-08-19 17:58:00,12,0,0,1,385,2
2015-08-19 18:00:00,0,0,0,0,0,3
2015-08-19 18:02:00,0,0,0,0,0,2
2015-08-19 18:04:00,1,0,0,0,51,3
2015-08-19 18:06:00,0,0,0,0,0,2
2015-08-19 18:08:00,0,0,0,0,0,2
2015-08-19 18:10:00,0,0,0,0,0,1
2015-08-19 18:12:00,0,0,0,0,0,1
2015-08-19 18:16:00,0,0,0,0,0,8
2015-08-19 18:18:00,0,0,0,0,0,5
2015-08-19 18:20:00,0,0,0,0,0,2
2015-08-19 18:22:00,0,0,0,0,0,2
2015-08-19 18:24:00,0,0,0,0,0,1
2015-08-19 18:26:00,0,0,0,0,0,1
2015-08-19 18:28:00,0,0,0,0,0,1
2015-08-19 18:30:00,0,0,0,0,0,1
2015-08-19 18:32:00,0,0,0,0,0,1
2015-08-19 18:34:00,0,0,0,0,0,1
2015-08-19 18:36:00,0,0,0,0,0,1
2015-08-19 18:38:00,11,2,0,1,467,0
2015-08-19 18:40:00,2,0,0,1,79,0
2015-08-19 18:42:00,24,9,1,1,1175,0
2015-08-19 18:44:00,37,0,0,1,1212,2
2015-08-19 18:46:00,1,0,0,0,32,0
2015-08-19 19:22:00,9,0,0,1,275,0
2015-08-19 19:44:00,28,4,0,1,1026,0
2015-08-19 19:46:00,4,0,0,1,123,0
2015-08-19 19:52:00,18,0,0,1,573,3
2015-08-19 19:54:00,1,0,0,0,26,0
2015-08-19 19:56:00,3,0,0,1,101,0
2015-08-19 19:58:00,1,0,0,0,46,0
2015-08-19 20:00:00,1,0,0,0,34,0
2015-08-19 20:06:00,7,0,0,1,223,0
2015-08-19 20:10:00,9,0,0,1,311,0
2015-08-19 20:12:00,9,0,0,1,307,0
2015-08-19 20:52:00,2,0,0,1,64,0
2015-08-19 21:06:00,23,0,0,1,695,0
2015-08-19 21:14:00,24,0,0,1,759,0
2015-08-19 22:30:00,0,0,0,0,18,0
2015-08-19 22:32:00,19,3,2,1,739,0
2015-08-19 22:38:00,5,0,0,1,145,0
2015-08-19 22:40:00,22,0,0,1,675,1
2015-08-19 22:56:00,10,0,0,1,318,0
2015-08-19 23:00:00,5,0,0,1,156,6
2015-08-19 23:02:00,0,0,0,0,0,5
2015-08-19 23:04:00,0,0,0,0,0,4
2015-08-19 23:06:00,0,0,0,0,0,5
2015-08-19 23:08:00,1,0,0,0,31,9
2015-08-19 23:10:00,0,0,0,0,0,10
2015-08-19 23:12:00,0,0,0,0,0,10
2015-08-19 23:14:00,0,0,0,0,0,9
2015-08-19 23:16:00,0,0,0,0,0,9
2015-08-19 23:18:00,0,0,0,0,0,9
2015-08-19 23:20:00,0,0,0,0,0,9
2015-08-19 23:22:00,0,0,0,0,0,4
2015-08-19 23:24:00,0,0,0,0,0,4
2015-08-19 23:26:00,0,0,0,0,0,4
2015-08-19 23:28:00,0,0,0,0,0,5
2015-08-19 23:30:00,0,0,0,0,0,5
2015-08-19 23:32:00,0,0,0,0,0,5
2015-08-19 23:34:00,0,0,0,0,0,6
2015-08-19 23:36:00,0,0,0,0,0,6
2015-08-19 23:38:00,4,0,0,1,124,7
2015-08-19 23:40:00,3,0,0,1,104,0
2015-08-20 00:16:00,11,0,0,1,353,0
2015-08-20 00:18:00,20,0,0,1,645,0
2015-08-20 00:20:00,2,0,0,1,53,0
2015-08-20 00:22:00,6,0,0,1,162,0
2015-08-20 00:26:00,4,0,0,1,126,0
2015-08-20 01:04:00,10,0,0,1,333,0
2015-08-20 01:06:00,3,0,0,1,120,0
2015-08-20 01:42:00,9,0,0,1,308,0
2015-08-20 01:44:00,8,0,0,1,234,0
2015-08-20 01:48:00,11,0,0,1,338,0
2015-08-20 02:18:00,5,0,0,1,171,0
2015-08-20 02:54:00,5,0,0,1,138,0
2015-08-20 03:24:00,6,0,0,1,155,0
2015-08-20 04:16:00,5,0,0,1,134,0
2015-08-20 04:20:00,4,0,0,1,130,0
2015-08-20 04:40:00,12,0,0,1,383,0
2015-08-20 04:56:00,0,0,0,0,0,1
2015-08-20 04:58:00,0,0,0,0,0,1
2015-08-20 05:00:00,0,0,0,0,0,1
2015-08-20 05:02:00,0,0,0,0,0,1
2015-08-20 05:04:00,0,0,0,0,0,1
2015-08-20 05:06:00,0,0,0,0,0,1
2015-08-20 05:08:00,0,0,0,0,0,1
2015-08-20 05:26:00,4,0,0,1,106,0
2015-08-20 05:52:00,0,0,0,0,0,1
2015-08-20 05:54:00,0,0,0,0,0,1
2015-08-20 05:56:00,0,0,0,0,0,1
2015-08-20 05:58:00,0,0,0,0,0,1
2015-08-20 06:00:00,0,0,0,0,0,1
2015-08-20 06:02:00,0,0,0,0,0,1
2015-08-20 06:24:00,4,0,0,1,125,0
2015-08-20 06:32:00,4,0,0,1,125,0
2015-08-20 06:34:00,75,11,16,1,3625,58
2015-08-20 06:36:00,54,2,0,1,1969,103
2015-08-20 06:38:00,100,12,7,1,4215,250
2015-08-20 06:40:00,114,5,0,1,4036,450
2015-08-20 06:42:00,106,3,0,1,3732,1270
2015-08-20 06:44:00,114,1,0,1,3767,1270
2015-08-20 06:46:00,119,0,0,1,4025,390
2015-08-20 06:48:00,109,11,0,1,4182,480
2015-08-20 06:50:00,113,6,0,1,4088,610
2015-08-20 06:52:00,99,21,0,1,4226,1270
2015-08-20 06:54:00,112,7,0,1,4207,1270
2015-08-20 06:56:00,104,15,0,1,4207,1270
2015-08-20 06:58:00,117,2,0,1,4263,1270
2015-08-20 07:00:00,104,15,0,1,4163,1270
2015-08-20 07:02:00,113,6,0,1,4279,810
2015-08-20 07:04:00,118,2,0,1,4277,650
2015-08-20 07:06:00,48,9,0,1,1858,1190
2015-08-20 07:08:00,15,0,0,1,467,470
2015-08-20 07:10:00,0,0,0,0,0,270
2015-08-20 07:12:00,0,0,0,0,0,590
2015-08-20 07:14:00,0,0,0,0,0,660
2015-08-20 07:16:00,0,0,0,0,0,230
2015-08-20 07:18:00,0,0,0,0,0,300
2015-08-20 07:20:00,0,0,0,0,0,260
2015-08-20 07:22:00,0,0,0,0,0,310
2015-08-20 07:24:00,0,0,0,0,0,370
2015-08-20 07:26:00,0,0,0,0,0,38
2015-08-20 07:28:00,0,0,0,0,0,140
2015-08-20 07:30:00,0,0,0,0,0,55
2015-08-20 07:32:00,0,0,0,0,0,39
2015-08-20 07:34:00,0,0,0,0,0,150
2015-08-20 07:36:00,1,0,0,0,38,1050
2015-08-20 07:38:00,0,0,0,0,0,750
2015-08-20 07:40:00,0,0,0,0,0,1270
2015-08-20 07:42:00,10,4,0,1,492,680
2015-08-20 07:44:00,112,7,0,1,4189,600
2015-08-20 07:46:00,118,1,0,1,4184,930
2015-08-20 07:48:00,110,3,4,1,4122,510
2015-08-20 07:50:00,95,21,3,1,4371,540
2015-08-20 07:52:00,119,0,0,1,4171,470
2015-08-20 07:54:00,109,8,0,1,3990,470
2015-08-20 07:56:00,77,1,0,1,2705,330
2015-08-20 07:58:00,22,0,0,1,736,11
2015-08-20 08:00:00,1,0,0,0,14,12
2015-08-20 08:02:00,0,0,0,0,0,6
2015-08-20 08:04:00,1,0,0,0,44,12
2015-08-20 08:06:00,0,0,0,0,0,2
2015-08-20 08:08:00,13,0,0,1,389,9
2015-08-20 08:10:00,13,0,0,1,370,8
2015-08-20 08:12:00,0,0,0,0,0,2
2015-08-20 08:14:00,13,6,0,1,558,4
2015-08-20 08:16:00,64,3,6,1,2332,11
2015-08-20 08:18:00,61,14,9,1,2841,270
2015-08-20 08:20:00,73,37,9,1,4382,330
2015-08-20 08:22:00,111,8,0,1,4001,580
2015-08-20 08:24:00,48,4,0,1,1561,3
2015-08-20 08:26:00,2,0,0,1,49,5
2015-08-20 08:28:00,12,0,0,1,347,4
2015-08-20 08:30:00,7,6,0,1,479,3
2015-08-20 08:32:00,4,0,0,1,135,0
2015-08-20 08:34:00,8,0,0,1,264,0
2015-08-20 09:06:00,44,4,18,1,2846,2
2015-08-20 09:08:00,25,13,17,1,2146,3
2015-08-20 09:10:00,35,0,0,1,1118,3
2015-08-20 09:12:00,24,0,0,1,779,4
2015-08-20 09:14:00,46,5,9,1,2023,1
2015-08-20 09:16:00,8,2,13,1,819,5
2015-08-20 09:18:00,16,0,0,1,504,2
2015-08-20 09:20:00,2,0,0,1,70,3
2015-08-20 09:22:00,16,0,0,1,504,3
2015-08-20 09:24:00,9,2,7,1,644,4
2015-08-20 09:26:00,13,0,0,1,406,6
2015-08-20 09:28:00,33,10,50,1,3475,5
2015-08-20 09:30:00,36,0,0,1,1079,8
2015-08-20 09:32:00,24,1,13,1,1290,5
2015-08-20 09:34:00,56,7,17,1,2610,11
2015-08-20 09:36:00,21,0,0,1,664,5
2015-08-20 09:38:00,0,0,0,0,0,5
2015-08-20 09:40:00,23,3,0,1,881,2
2015-08-20 09:42:00,14,1,0,1,539,4
2015-08-20 09:44:00,21,3,2,1,763,3
2015-08-20 09:46:00,10,0,0,1,322,3
2015-08-20 09:48:00,0,0,0,0,11,3
2015-08-20 09:50:00,10,0,0,1,292,3
2015-08-20 09:52:00,34,4,3,1,1386,2
2015-08-20 09:54:00,8,0,0,1,248,5
2015-08-20 09:56:00,23,1,5,1,968,7
2015-08-20 09:58:00,4,0,0,1,122,570
2015-08-20 10:00:00,8,0,0,1,259,6
2015-08-20 10:02:00,0,0,0,0,0,7
2015-08-20 10:04:00,0,0,0,0,0,7
2015-08-20 10:06:00,0,0,0,0,21,5
2015-08-20 10:08:00,0,0,0,0,0,4
2015-08-20 10:10:00,0,0,0,0,0,2
2015-08-20 10:12:00,0,0,0,0,0,31
2015-08-20 10:14:00,0,0,0,0,0,32
2015-08-20 10:16:00,54,4,0,1,1774,31
2015-08-20 10:18:00,59,0,0,1,1774,22
2015-08-20 10:20:00,61,7,0,1,2198,18
2015-08-20 10:22:00,44,5,0,1,1453,19
2015-08-20 10:24:00,20,0,0,1,600,15
2015-08-20 10:26:00,57,2,11,1,2843,15
2015-08-20 10:28:00,101,9,1,1,3457,7
2015-08-20 10:30:00,106,0,0,1,3218,5
2015-08-20 10:32:00,34,3,6,1,1363,11
2015-08-20 10:34:00,95,11,0,1,3414,4
2015-08-20 10:36:00,75,0,0,1,2333,5
2015-08-20 10:38:00,16,0,0,1,479,2
2015-08-20 10:40:00,36,0,0,1,1052,1
2015-08-20 10:42:00,3,0,0,1,110,1
2015-08-20 10:44:00,2,0,0,1,62,1
2015-08-20 10:46:00,8,0,0,1,264,0
2015-08-20 10:48:00,9,0,0,1,284,1
2015-08-20 10:50:00,25,0,0,1,793,4
2015-08-20 10:52:00,16,0,0,1,533,8
2015-08-20 10:54:00,27,0,0,1,757,7
2015-08-20 10:56:00,4,0,0,1,133,580
2015-08-20 10:58:00,0,0,0,0,0,370
2015-08-20 11:00:00,11,0,0,1,358,410
2015-08-20 11:02:00,36,15,6,1,1846,14
2015-08-20 11:04:00,101,7,0,1,3327,8
2015-08-20 11:06:00,87,8,0,1,3009,4
2015-08-20 11:08:00,47,2,9,1,1901,8
2015-08-20 11:10:00,73,0,0,1,2274,13
2015-08-20 11:12:00,77,4,0,1,2362,27
2015-08-20 11:14:00,86,18,3,1,3514,12
2015-08-20 11:16:00,24,0,0,1,754,460
2015-08-20 11:18:00,0,0,0,0,0,430
2015-08-20 11:20:00,0,0,0,0,0,390
2015-08-20 11:22:00,17,0,0,1,551,26
2015-08-20 11:24:00,7,0,0,1,184,1
2015-08-20 11:26:00,0,0,0,0,0,27
2015-08-20 11:28:00,23,0,0,1,747,13
2015-08-20 11:30:00,8,4,2,1,473,1
2015-08-20 11:32:00,20,0,0,1,662,5
2015-08-20 11:34:00,24,2,7,1,1079,2
2015-08-20 11:36:00,3,0,0,1,93,0
